Multiple size <= 100
TEST 1 ARG:24 96 51 55 3 40 16 19 14 12 25 56 82 92 45 54 62 32 68 77 99 90 93 30 95 27 48 0 28 31 20 5 50 4 34 6 11 44 89 80 35 36 71 72 74 61 37 42 33 2 39 85 78 64 67 41 23 66 94 46 47 88 70 60 49 73 83 29 75 38 81 69 79 91 9 86 17 15 13 57 59 53 21 8 63 87 26 18 10 84 7 97 58 65 76 1 43 52 98 22
TEST 2 ARG:98 92 76 52 49 34 50 46 29 1 62 25 15 43 78 7 48 82 47 21 11 65 55 56 88 8 23 94 37 83 24 13 38 32 44 87 68 79 74 54 58 28 3 97 89 16 2 73 85 96 12 51 17 6 30 99 42 4 93 57 70 63 35 14 59 18 9 90 53 45 80 71 36 10 84 33 64 31 26 81 22 69 75 86 72 60 77 40 66 67 19 61 27 95 91 41 0 20 5 39
TEST 3 ARG:73 50 13 27 55 35 89 42 29 6 76 65 57 31 3 67 72 68 46 15 66 54 43 19 36 47 64 38 86 8 52 22 98 97 74 44 32 4 7 90 83 85 87 59 63 82 49 39 99 18 71 12 53 28 45 20 56 1 81 9 48 26 2 21 24 30 69 33 75 14 92 51 78 79 60 25 5 11 70 17 23 93 94 61 34 96 95 84 88 58 0 40 91 62 16 37 10 80 77 41
TEST 4 ARG:89 86 75 46 37 29 20 3 2 11 5 74 51 70 55 73 54 41 10 39 38 61 4 17 80 59 49 57 91 71 47 15 27 31 87 60 35 18 56 82 58 42 66 68 0 16 43 40 28 72 33 97 45 24 34 98 30 53 26 95 69 81 88 94 6 76 50 92 25 83 12 63 78 13 99 32 77 14 1 90 85 65 96 21 48 22 64 9 23 79 93 67 84 52 8 44 7 62 19 36
TEST 5 ARG:97 24 28 90 66 47 20 89 53 60 42 23 70 68 99 16 33 63 39 0 86 48 10 64 27 81 13 5 46 34 40 49 55 85 22 59 37 7 78 38 71 29 31 19 41 14 26 58 65 45 67 12 80 84 54 57 92 43 11 91 15 69 87 2 35 30 8 36 6 32 96 73 62 76 52 61 4 75 50 56 95 3 94 21 44 18 93 79 98 9 17 82 83 74 1 88 72 25 51 77
TEST 6 ARG:55 73 21 87 5 67 12 61 9 28 86 7 57 4 45 11 69 20 89 97 37 40 83 19 24 38 22 2 91 44 32 36 25 27 99 48 8 13 71 18 78 30 94 3 43 46 26 81 41 70 80 31 63 77 17 10 72 6 85 1 74 76 42 56 51 50 64 92 84 59 65 14 49 47 90 58 82 34 0 15 33 68 98 93 66 23 79 60 16 52 95 62 53 39 88 96 54 75 29 35
TEST 11 ARG:54 80 23 74 10 9 26 92 52 5 48 12 0 57 37 17 38 16 47 40 24 95 70 75 36 87 31 58 94 73 65 8 51 34 20 98 88 53 44 6 78 77 25 21 99 89 85 7 35 82 60 63 76 32 41 83 50 22 19 71 64 4 81 46 27 93 79 45 69 28 97 84 30 72 14 68 11 15 49 62 42 86 33 1 13 2 90 56 18 61 55 29 96 91 39 43 66 59 3 67
TEST 12 ARG:29 93 19 0 64 7 76 31 63 21 92 80 71 2 44 95 27 24 20 15 30 82 79 68 45 43 83 97 88 50 61 94 38 47 41 17 11 23 67 10 99 65 39 81 36 13 52 28 22 37 69 73 8 35 90 72 6 14 77 3 25 54 84 85 70 51 96 62 48 33 4 60 86 26 9 66 89 75 5 56 32 16 40 49 58 55 53 34 91 87 78 59 74 46 12 98 1 18 57 42
TEST 15 ARG:24 69 59 84 81 92 6 79 47 37 44 3 71 66 43 46 94 0 85 97 98 33 90 80 23 62 49 14 68 34 25 45 73 89 78 51 53 95 21 82 7 88 2 15 76 18 55 61 64 9 30 28 65 57 31 42 4 16 70 77 96 5 8 72 99 20 48 75 40 39 63 35 56 22 50 13 87 1 10 12 17 83 11 91 38 32 41 29 26 93 36 74 67 86 54 60 27 58 19 52
TEST 17 ARG:27 11 77 28 54 94 59 57 82 47 87 33 35 38 48 98 4 41 96 29 76 93 1 84 51 53 17 86 13 37 42 5 79 62 10 26 81 3 9 95 19 32 12 61 67 64 60 22 65 46 97 55 71 50 16 56 85 43 21 15 0 39 36 91 75 52 63 70 18 40 74 7 99 88 34 24 8 14 45 90 23 31 89 49 25 66 69 80 30 2 72 6 44 73 58 83 78 68 20 92
TEST 18 ARG:51 88 80 6 24 50 62 56 33 87 63 21 1 78 83 4 13 29 58 41 60 94 15 20 86 39 89 12 65 69 61 0 19 90 71 74 93 3 66 97 79 17 5 43 40 46 84 9 38 27 91 70 22 77 36 7 68 82 37 23 8 54 34 35 26 81 14 67 95 48 30 31 2 99 45 28 59 96 16 42 92 85 52 18 75 64 72 53 11 44 98 76 25 55 32 10 49 57 73 47
TEST 20 ARG:96 75 59 23 58 17 92 10 28 66 45 22 4 82 29 76 89 13 81 15 53 26 55 69 79 93 94 38 24 44 60 1 42 68 36 9 47 70 5 99 11 73 90 21 83 7 85 97 18 49 78 37 6 84 77 19 40 80 39 48 8 41 72 50 25 12 74 52 43 95 88 34 65 51 33 54 56 98 86 64 3 16 0 35 63 30 87 57 91 46 32 61 31 62 14 71 27 20 67 2
TEST 21 ARG:74 32 19 75 98 23 86 4 62 6 0 80 52 34 2 12 78 54 8 10 40 58 93 55 99 64 68 56 43 15 82 50 66 59 77 69 21 17 28 14 33 97 73 71 48 46 47 35 29 3 95 96 61 51 76 94 49 5 44 45 41 24 9 57 7 65 84 92 63 36 30 25 22 67 20 88 13 91 79 90 39 27 31 89 11 53 85 70 83 72 42 37 38 1 81 16 26 87 18 60
TEST 24 ARG:91 48 25 38 83 24 70 54 87 18 81 49 63 8 59 62 5 16 11 74 29 15 92 95 23 61 20 64 0 6 65 36 9 84 44 40 69 28 90 88 98 2 32 35 47 17 34 75 68 26 50 94 57 67 96 58 19 37 76 73 3 27 46 43 33 13 80 30 41 82 7 97 56 52 45 78 10 55 66 31 4 51 71 79 22 93 12 77 86 42 99 60 21 89 72 1 85 53 39 14
TEST 26 ARG:87 67 28 41 32 23 62 25 53 98 96 78 12 99 38 81 69 68 24 55 14 71 8 63 83 17 2 57 21 86 37 42 30 56 80 58 93 45 97 34 61 77 9 0 39 31 35 94 49 44 84 3 40 22 6 75 91 82 5 11 7 92 15 27 48 46 59 20 51 74 16 85 79 52 90 26 1 10 29 66 70 13 18 64 43 88 72 60 50 73 89 65 76 4 33 54 95 36 19 47
TEST 31 ARG:56 94 92 16 2 12 23 18 5 43 6 24 20 32 83 13 34 73 11 33 14 51 8 58 98 86 69 64 44 82 54 21 48 57 59 4 0 66 55 1 19 36 28 88 10 40 47 84 71 65 90 61 80 60 30 42 78 77 68 31 17 26 15 27 50 52 89 95 7 39 76 22 53 81 72 45 87 85 96 93 35 38 49 74 67 91 75 62 79 70 46 63 99 37 25 9 41 29 97 3
TEST 32 ARG:75 32 79 9 3 45 4 74 36 48 43 61 65 59 78 26 63 35 11 64 1 70 87 34 8 83 89 17 68 76 39 25 28 85 22 69 13 88 97 10 73 84 2 0 20 51 81 16 58 5 92 77 47 52 6 94 24 55 62 67 56 50 80 33 49 66 57 91 23 86 41 7 53 29 72 93 71 44 12 19 15 98 82 37 60 46 38 95 90 96 30 54 31 40 27 21 14 18 99 42
TEST 33 ARG:52 82 56 12 54 58 87 93 19 34 5 99 25 15 42 92 9 70 37 44 96 14 66 59 98 39 75 48 91 24 81 33 74 55 26 18 60 47 22 7 64 71 79 31 88 97 10 53 45 0 83 86 32 3 36 21 13 95 17 50 57 20 78 16 65 69 89 35 62 61 4 41 40 94 51 46 76 27 28 90 63 80 85 2 43 72 38 68 30 1 77 6 29 84 8 49 23 11 67 73
TEST 35 ARG:15 54 76 46 93 89 86 55 74 9 39 40 1 32 36 59 92 64 69 47 44 12 95 96 78 34 7 19 66 65 70 29 5 68 87 27 62 28 48 49 52 0 97 42 38 45 90 58 53 51 37 71 22 11 83 17 18 81 21 75 20 56 8 80 98 4 99 57 41 82 6 25 24 79 88 14 67 43 16 73 77 13 31 63 2 84 30 23 60 91 35 3 26 72 85 61 10 50 94 33
TEST 36 ARG:34 24 16 93 81 75 29 33 26 7 50 19 13 71 8 64 98 66 70 77 52 43 88 22 73 96 57 58 95 49 18 42 72 90 60 51 54 44 11 36 17 91 23 76 62 1 47 2 92 46 55 67 31 82 25 15 63 32 4 35 20 37 84 56 28 12 87 65 40 30 80 5 39 59 0 83 27 53 38 74 9 97 10 14 69 6 68 45 61 94 3 21 78 41 99 86 89 79 48 85
TEST 38 ARG:22 84 97 44 9 64 73 78 17 25 51 71 27 81 54 29 48 39 36 41 60 77 49 62 26 1 45 92 85 12 75 24 11 82 94 35 63 23 95 58 5 40 56 31 65 87 32 0 76 4 89 57 70 72 18 90 50 66 33 15 53 52 55 98 13 68 43 2 83 42 80 47 38 21 37 88 93 99 19 30 96 7 14 16 20 34 28 3 86 79 67 6 91 8 69 61 59 46 74 10
TEST 40 ARG:42 59 86 9 18 93 23 76 31 85 66 14 96 69 78 79 58 34 15 99 32 77 37 56 54 75 22 89 44 40 68 33 74 10 97 50 0 71 64 12 51 73 95 3 81 63 2 84 43 67 92 62 83 7 19 27 87 16 45 47 70 61 88 91 13 52 72 4 65 38 29 35 55 6 94 41 28 36 8 1 80 20 60 90 39 48 21 82 98 26 30 17 53 11 57 5 24 46 49 25
TEST 42 ARG:87 9 91 71 56 73 43 23 6 17 46 76 49 84 93 28 63 51 54 14 47 88 50 0 30 31 3 96 4 42 52 10 95 82 25 74 69 59 24 61 68 79 27 90 60 44 34 62 67 98 33 29 48 5 41 26 2 39 89 97 66 77 20 19 65 8 85 37 18 15 13 72 12 21 99 81 64 35 40 86 11 7 92 94 57 45 38 16 22 80 53 70 83 55 1 36 75 58 32 78
TEST 43 ARG:75 38 17 15 35 7 4 76 81 79 99 66 10 71 87 58 60 31 33 22 56 61 25 26 18 47 44 27 40 29 32 85 6 80 92 9 48 2 20 5 51 84 13 67 11 78 89 64 74 90 42 46 88 96 93 34 69 63 50 55 28 14 59 57 49 3 70 77 95 36 19 0 37 39 82 73 43 65 24 86 53 52 41 62 97 68 98 21 45 1 91 54 8 30 12 83 23 16 94 72
TEST 44 ARG:81 82 53 61 83 22 57 19 50 16 39 74 86 18 72 20 62 8 41 25 58 60 89 9 95 24 51 80 15 47 4 94 12 26 88 21 3 33 23 17 29 92 28 38 37 49 66 46 6 79 97 43 67 45 52 0 34 69 7 70 55 54 11 27 87 99 78 73 64 71 30 68 85 65 32 40 93 42 59 14 35 98 91 13 1 31 90 75 2 10 5 56 63 44 48 84 36 96 76 77
TEST 45 ARG:63 55 61 98 91 89 49 85 78 3 11 21 81 76 13 12 15 34 82 17 83 84 69 35 66 29 92 88 87 14 27 74 79 58 46 37 32 57 18 33 75 80 25 62 9 70 0 19 40 6 41 26 99 43 53 10 67 95 77 93 20 94 23 1 5 47 60 51 97 73 59 31 72 45 64 48 4 7 28 68 50 96 71 44 42 56 38 30 36 65 90 22 54 86 2 8 24 39 52 16
TEST 46 ARG:48 33 6 31 91 52 24 69 2 3 50 90 55 36 32 37 43 0 65 85 9 86 39 7 49 28 57 12 74 77 16 97 68 60 5 45 66 42 27 92 84 51 23 10 73 75 14 88 82 8 81 44 56 53 63 18 29 13 79 61 64 58 80 95 83 17 54 21 98 93 11 67 19 99 47 30 35 59 22 87 76 25 38 20 34 41 70 15 1 62 26 71 94 96 78 72 40 4 46 89
TEST 47 ARG:66 41 75 35 1 55 23 61 34 22 70 30 26 15 94 8 48 92 81 57 58 63 0 83 20 85 44 10 25 98 97 68 5 11 31 40 96 53 79 33 69 59 32 49 65 29 50 12 45 37 18 77 19 17 74 51 72 21 13 47 4 67 52 73 78 56 71 14 9 95 28 93 87 60 99 38 3 6 82 91 54 2 24 42 64 46 76 39 62 89 7 16 86 90 88 27 43 84 36 80
TEST 49 ARG:10 57 81 55 38 22 86 9 11 8 76 21 39 91 33 90 2 12 17 20 63 53 31 70 49 98 13 29 96 83 40 92 80 50 67 18 71 65 6 14 84 3 36 59 88 25 45 87 61 27 4 54 82 19 85 44 95 16 7 15 74 52 79 1 78 37 24 23 58 66 48 0 69 99 60 30 97 89 42 34 5 35 73 62 56 28 68 93 47 46 41 64 94 77 72 51 75 43 32 26
TEST 50 ARG:58 46 12 99 18 5 41 19 74 51 17 96 88 93 60 68 92 83 48 37 6 43 8 77 34 90 85 11 56 24 72 40 16 52 95 50 2 57 76 54 53 44 36 67 69 97 29 42 79 25 89 31 61 21 45 10 65 23 71 82 14 62 81 75 70 86 55 30 9 15 59 1 20 38 39 49 73 28 3 98 7 91 47 22 33 80 63 78 27 84 35 32 4 64 13 87 66 94 0 26
TEST 51 ARG:42 21 23 44 95 50 46 5 16 38 33 49 92 78 12 6 76 72 2 96 77 74 1 63 13 65 27 60 86 47 58 48 62 30 80 84 7 71 32 26 31 79 67 22 36 29 73 3 28 66 45 55 61 18 87 75 15 24 35 53 70 4 56 85 19 88 90 34 69 64 14 20 97 83 51 68 43 0 37 8 17 98 89 59 82 52 40 11 54 10 93 57 39 41 81 9 94 25 99 91
TEST 54 ARG:47 3 42 11 55 54 48 56 53 22 84 76 27 59 46 12 83 41 63 94 49 62 36 7 32 97 89 67 80 40 71 18 64 52 0 78 93 30 92 4 13 28 29 60 35 99 10 24 5 61 96 51 72 15 14 33 74 34 57 87 73 91 16 37 75 44 69 6 82 77 23 79 98 95 65 9 88 38 2 8 1 68 25 20 81 85 31 58 39 86 43 17 19 70 45 50 90 21 66 26
TEST 55 ARG:59 33 84 81 70 83 64 31 50 94 79 5 63 23 38 55 29 77 52 99 82 47 28 49 34 73 35 2 53 75 4 11 72 58 25 48 36 62 65 69 51 80 68 9 74 39 44 22 57 46 12 1 90 26 6 24 85 7 78 15 92 60 16 61 27 3 19 67 56 37 95 42 87 71 32 96 21 66 88 8 93 41 89 40 98 17 10 86 54 43 30 91 18 14 0 20 13 97 76 45
TEST 56 ARG:20 16 71 88 26 93 78 94 40 6 62 91 31 80 21 55 63 90 68 12 5 22 39 23 99 19 50 86 64 7 92 34 15 11 57 18 49 35 54 87 66 44 60 8 70 59 77 95 65 36 84 10 89 81 73 72 52 9 61 46 33 2 37 97 1 45 74 4 67 28 85 51 48 76 29 56 98 42 13 32 75 69 47 24 0 83 96 14 27 41 3 38 53 58 43 79 30 82 17 25
TEST 57 ARG:39 84 3 7 74 95 97 78 8 19 30 65 81 33 80 40 55 88 92 11 38 46 50 75 49 10 25 15 9 34 20 6 26 1 61 70 24 59 67 64 16 93 41 29 87 5 91 36 35 53 17 56 79 21 37 83 27 28 69 45 48 99 66 44 76 62 0 52 12 31 13 57 47 72 22 86 77 43 71 2 4 54 82 18 23 60 98 96 51 89 85 94 63 14 58 32 73 68 90 42
TEST 58 ARG:66 70 92 36 39 0 3 29 32 68 60 45 89 81 96 26 62 38 86 16 46 75 44 34 28 42 11 74 41 22 35 56 72 71 30 65 8 54 7 84 58 93 85 76 18 1 9 82 6 13 79 69 59 73 99 21 37 52 49 20 24 77 90 95 88 80 91 31 55 15 33 27 48 63 94 25 57 47 23 12 87 2 4 61 51 19 14 83 53 43 98 78 5 64 10 40 50 67 97 17
TEST 59 ARG:1 33 97 81 87 99 58 59 67 96 69 30 93 71 52 46 22 65 94 92 55 91 89 24 88 49 74 12 0 8 47 38 34 85 72 51 20 27 43 75 13 32 35 39 95 73 70 76 18 54 29 61 5 48 28 31 83 79 56 78 23 80 62 86 66 4 63 53 7 14 42 40 57 90 15 50 25 44 17 9 37 60 21 36 11 41 10 68 26 2 6 45 98 84 77 82 19 64 3 16
TEST 61 ARG:57 67 53 47 51 55 0 93 49 3 85 21 73 84 70 37 13 31 35 86 41 4 17 54 46 5 66 94 65 24 32 38 87 1 99 34 63 75 78 72 8 62 96 23 7 56 59 2 9 90 29 95 50 48 97 44 69 12 52 88 28 22 20 91 71 15 25 16 40 33 39 61 26 14 45 6 43 76 64 42 92 80 60 74 82 79 11 36 98 27 30 89 18 68 83 10 77 58 81 19
TEST 62 ARG:95 37 94 5 76 7 80 3 70 54 13 67 71 52 48 24 78 43 91 33 2 57 68 72 96 98 50 45 63 58 42 40 27 32 23 97 16 1 17 60 34 31 90 81 19 84 99 69 6 15 9 53 55 11 65 51 10 88 75 28 18 4 49 87 0 20 47 64 59 61 89 26 83 29 92 8 93 25 74 82 86 62 14 12 30 35 36 21 66 44 38 77 41 39 46 22 85 79 56 73
TEST 63 ARG:38 3 75 21 88 54 53 68 80 48 8 50 1 34 97 9 51 84 4 64 91 87 26 82 39 17 89 40 20 44 46 45 35 62 2 74 86 11 98 22 99 32 19 37 6 72 85 28 43 67 96 18 94 73 55 31 66 16 47 92 60 95 36 77 5 12 61 57 0 33 42 59 65 78 63 76 79 29 30 49 14 81 52 13 27 69 24 56 71 25 93 7 58 15 83 70 10 23 41 90
TEST 65 ARG:98 1 65 73 9 14 91 0 22 31 56 6 53 33 26 42 89 54 18 97 46 59 34 74 72 43 68 85 39 24 77 83 70 28 15 17 45 36 38 58 63 87 44 2 30 76 84 50 13 88 86 25 92 62 94 80 12 66 47 81 51 3 10 40 4 64 78 96 55 99 16 29 11 95 19 35 67 60 49 82 48 21 61 8 52 93 27 41 57 20 79 90 5 69 71 32 23 75 37 7
TEST 66 ARG:19 80 70 63 88 76 50 7 31 24 65 2 52 77 93 11 10 15 89 96 12 73 62 82 45 84 72 41 85 28 87 40 14 32 79 75 47 38 42 78 98 18 69 25 9 51 29 39 81 13 21 33 55 26 36 22 53 3 90 30 44 71 57 59 35 6 83 64 91 56 68 61 48 49 67 23 34 94 66 16 99 4 5 86 97 58 20 8 0 95 74 27 46 43 60 92 1 37 17 54
TEST 67 ARG:56 77 18 86 36 63 26 53 35 51 32 72 73 98 25 84 38 79 60 92 67 54 20 96 44 1 37 88 30 22 65 99 93 29 85 87 64 33 4 68 12 5 31 97 48 24 21 14 75 82 58 8 66 74 46 42 23 19 43 28 50 70 89 59 95 40 27 39 76 83 41 34 9 94 0 13 78 62 90 61 11 80 3 55 57 71 49 69 45 17 91 6 47 16 2 15 52 10 81 7
TEST 70 ARG:56 77 49 20 69 63 94 54 92 30 19 33 26 5 1 10 38 25 57 7 14 15 73 50 60 27 55 18 89 22 35 29 59 48 11 72 32 66 93 37 0 79 47 76 86 41 65 36 43 58 52 90 96 12 24 9 68 75 42 2 6 17 45 31 8 98 40 39 97 84 21 28 4 99 82 88 64 67 70 51 83 23 74 46 78 62 95 71 61 53 13 85 91 87 81 80 34 16 44 3
TEST 72 ARG:74 20 77 30 58 43 76 41 64 81 69 2 4 87 65 91 54 40 99 51 93 50 82 97 14 78 9 60 18 57 42 85 25 45 61 94 89 70 10 31 34 96 66 80 98 86 13 36 1 83 84 11 0 3 27 71 79 17 29 39 12 48 7 37 44 68 23 6 75 73 33 55 59 32 22 53 90 88 26 47 49 62 67 28 46 38 92 52 5 8 15 63 95 35 16 21 72 24 56 19
TEST 73 ARG:26 1 11 17 6 76 40 50 35 51 28 98 32 36 97 57 52 55 75 22 68 56 13 93 81 61 34 7 31 10 41 4 99 24 46 77 69 86 71 58 0 49 65 33 47 59 29 64 5 27 83 2 39 21 8 95 43 18 82 73 70 63 80 16 42 54 62 19 72 60 85 88 78 38 48 30 66 44 3 9 14 74 79 87 89 91 94 53 25 67 96 45 90 15 20 84 37 12 92 23
TEST 74 ARG:56 51 62 88 48 31 22 85 2 5 14 3 73 66 97 17 7 16 4 59 44 45 49 61 53 52 72 86 94 46 96 69 27 18 9 54 95 74 77 71 33 26 6 64 23 50 60 38 84 13 90 0 21 10 83 63 91 24 8 99 75 15 47 35 29 58 25 82 28 93 80 67 65 20 12 98 57 30 11 70 55 81 89 92 40 76 37 42 68 39 43 19 34 36 79 32 1 87 41 78
TEST 75 ARG:56 79 46 82 6 27 0 85 42 62 90 8 38 41 1 80 5 93 39 61 16 43 15 76 24 68 3 81 69 73 74 60 35 70 91 20 47 86 51 36 13 48 72 34 98 64 21 67 23 88 11 84 7 77 30 89 87 18 63 4 65 45 75 9 83 31 25 40 71 44 17 49 78 28 33 14 57 58 94 95 92 2 59 22 26 50 54 19 10 97 52 96 55 37 99 66 53 32 29 12
TEST 78 ARG:99 81 56 31 76 83 84 28 37 36 95 9 4 44 79 72 51 53 57 78 17 27 20 7 47 94 15 80 73 71 30 12 89 24 82 90 63 29 1 22 70 43 41 87 74 6 85 18 60 26 67 92 65 54 75 16 25 45 96 46 48 86 59 23 61 3 62 55 69 88 50 91 64 98 35 77 5 2 13 0 10 52 58 42 21 66 11 14 93 32 40 49 33 68 39 97 38 34 19 8
TEST 80 ARG:5 68 46 49 43 90 31 37 14 24 86 34 38 52 40 82 96 36 80 81 75 18 74 58 7 48 4 72 93 95 63 33 26 70 98 44 22 67 12 88 20 71 99 25 92 85 42 1 32 27 79 53 2 13 57 30 89 16 69 41 10 15 45 11 97 21 94 83 6 59 65 78 0 54 62 8 50 64 87 51 55 29 60 19 35 39 3 91 23 47 17 28 66 9 73 77 84 76 61 56
TEST 81 ARG:86 63 57 92 4 37 72 65 90 78 99 47 30 79 61 17 28 22 44 58 16 76 12 95 53 13 19 51 59 6 26 10 83 2 3 49 27 46 15 0 84 52 42 23 70 31 48 24 40 21 73 91 96 38 14 25 67 85 54 66 20 9 74 35 56 88 60 80 97 75 5 77 55 64 69 43 98 29 93 94 62 33 87 1 82 7 39 68 89 36 34 32 11 18 8 45 41 71 81 50
TEST 83 ARG:44 21 73 18 45 47 32 9 94 19 26 27 30 99 88 86 46 84 75 92 91 85 96 10 76 68 53 28 50 2 7 20 70 15 54 82 64 25 36 67 12 65 81 52 34 0 49 17 43 60 51 97 61 41 93 37 80 16 6 33 8 24 87 89 56 95 22 69 38 31 14 98 13 3 72 1 48 83 55 23 78 59 74 62 66 42 5 58 63 77 4 79 57 90 40 11 71 39 29 35
TEST 84 ARG:33 28 32 89 25 59 99 41 52 44 53 22 7 27 38 39 70 97 92 15 50 71 46 86 57 1 85 94 55 37 90 65 56 42 14 77 73 69 2 24 29 47 64 17 98 0 61 11 62 43 9 30 87 88 68 82 79 10 75 3 76 54 49 60 93 34 80 19 83 31 96 36 18 26 20 6 81 74 63 35 67 45 51 23 16 66 5 40 58 12 72 91 21 48 8 84 13 78 95 4
TEST 86 ARG:92 8 99 62 41 50 58 37 18 33 14 22 74 81 7 90 59 24 66 69 47 98 16 77 28 2 60 88 43 6 93 95 27 57 1 96 29 44 30 3 25 13 38 23 35 75 89 54 67 61 4 53 86 68 48 56 0 87 85 10 91 79 36 78 49 65 80 34 72 84 70 46 45 5 12 64 97 76 19 82 51 71 32 20 11 39 42 63 73 26 15 55 94 31 9 40 17 21 83 52
TEST 87 ARG:87 22 78 72 97 92 42 0 69 99 41 9 94 28 86 19 58 75 95 49 74 7 88 39 60 34 4 25 8 17 1 30 66 90 29 55 76 38 23 53 77 6 21 68 47 18 81 73 89 20 11 10 33 93 36 83 82 5 3 37 62 45 80 56 96 59 26 48 91 50 57 13 15 63 61 2 43 35 79 51 65 70 85 24 71 67 12 44 84 46 64 32 98 14 54 52 27 31 16 40
TEST 90 ARG:11 14 2 90 42 93 30 10 70 59 67 86 98 5 45 50 56 27 26 12 25 34 55 91 51 19 85 82 48 77 65 87 20 92 29 72 64 7 88 61 66 4 28 38 74 95 18 76 46 0 80 8 79 36 40 53 43 84 81 33 49 83 52 94 96 44 17 68 24 39 99 41 60 89 62 16 32 9 69 63 54 71 6 3 15 21 47 31 22 75 1 73 57 78 58 97 13 37 35 23
TEST 92 ARG:89 0 47 88 30 41 6 12 57 28 18 51 67 86 19 69 1 76 94 74 36 25 8 22 62 68 5 26 39 97 64 83 79 38 55 14 66 52 20 63 80 23 84 16 11 70 24 4 15 49 77 17 78 87 59 58 73 27 75 54 96 10 34 61 43 21 46 2 90 81 42 35 13 82 32 37 9 99 95 92 29 50 71 93 44 98 72 53 3 31 91 45 85 33 65 40 60 56 7 48
TEST 93 ARG:80 33 87 71 99 48 29 14 76 42 51 34 25 62 24 39 12 84 66 82 94 83 3 13 55 40 63 30 28 86 85 37 41 60 68 20 38 52 73 8 45 92 58 79 17 23 88 59 6 96 74 9 36 69 61 70 1 43 50 35 97 72 56 46 44 7 75 0 81 27 98 19 77 10 91 18 57 93 54 64 67 65 4 53 90 16 22 31 32 49 47 2 11 95 89 5 21 15 78 26
TEST 94 ARG:1 98 71 36 46 11 63 22 34 17 10 15 55 35 8 44 62 61 53 24 43 68 97 78 96 65 70 67 49 29 38 50 52 59 6 5 76 0 73 19 93 31 60 95 75 47 16 58 7 85 33 20 39 4 13 54 3 66 30 18 79 81 27 9 72 92 90 69 84 28 88 41 45 86 91 80 21 42 56 40 77 12 82 83 48 26 14 32 51 87 37 74 99 57 23 25 94 64 89 2
TEST 96 ARG:55 90 21 41 4 0 56 65 13 82 24 10 47 51 3 32 28 5 1 27 61 11 12 83 66 85 64 58 19 2 59 84 50 99 68 98 38 54 33 87 60 9 53 23 72 15 39 80 70 35 62 40 63 43 57 37 14 94 42 81 78 6 96 29 49 77 34 69 76 48 7 75 30 16 79 17 67 46 31 71 86 97 26 92 20 89 18 45 52 74 73 22 88 44 25 91 93 36 8 95
TEST 97 ARG:48 4 21 92 49 61 27 25 85 97 56 11 73 99 34 84 24 17 42 81 83 41 26 78 30 0 10 23 69 6 98 58 94 89 18 50 38 67 14 66 15 60 5 95 62 1 63 13 77 32 80 52 87 9 44 31 79 82 86 12 88 2 74 93 76 70 71 7 68 90 57 51 72 59 20 3 54 19 35 40 47 96 33 28 53 91 37 39 65 8 55 29 43 46 22 75 45 16 64 36
TEST 98 ARG:94 14 79 96 98 29 60 89 80 62 75 97 23 45 55 54 38 43 10 78 65 95 0 11 27 91 58 70 52 12 7 71 9 77 72 22 39 47 16 48 31 5 44 4 13 41 51 42 18 63 73 57 26 1 76 46 50 88 32 25 69 74 33 17 90 49 87 20 81 66 19 64 24 61 6 15 68 85 93 59 28 34 37 36 92 82 3 99 2 67 83 84 86 8 53 30 56 35 21 40
TEST 99 ARG:41 78 59 18 57 88 82 6 50 71 32 99 97 94 17 12 63 81 38 22 14 56 21 36 33 85 55 25 72 23 29 10 19 52 39 24 27 68 40 53 30 31 92 93 3 96 13 86 0 44 48 98 2 26 1 15 89 77 47 91 65 28 79 11 69 61 45 46 66 80 60 64 95 58 54 83 43 90 35 5 8 74 84 16 4 34 42 70 73 20 51 9 7 76 87 49 75 67 37 62
TEST 100 ARG:29 25 0 81 90 61 94 84 9 69 65 38 12 4 44 26 34 17 23 67 39 83 58 47 53 10 7 64 93 1 96 59 78 98 63 13 37 28 71 92 11 99 46 79 77 32 3 6 95 36 15 18 70 45 68 73 87 42 50 49 31 97 51 33 85 80 57 5 24 74 88 76 62 41 22 48 30 21 14 40 89 8 19 43 52 16 66 27 91 82 54 72 20 86 75 56 60 35 55 2
TEST 101 ARG:24 95 25 65 80 59 22 83 29 4 68 7 13 45 39 76 1 81 90 14 48 9 50 8 72 87 40 71 89 10 91 58 17 26 18 37 64 11 16 33 31 97 78 0 73 94 88 28 19 93 46 35 36 77 67 44 5 99 82 66 3 34 49 21 98 2 20 54 55 85 74 70 60 32 69 30 75 15 52 62 56 6 63 96 43 12 38 57 47 41 92 79 23 84 61 51 27 53 42 86
TEST 102 ARG:6 40 60 98 14 90 51 19 43 70 11 7 72 13 26 81 32 96 17 29 89 71 34 74 28 16 49 73 63 69 33 5 99 66 68 8 42 0 82 76 86 85 21 64 65 48 57 20 92 79 80 46 1 97 84 27 39 44 52 30 91 24 12 23 45 35 47 88 59 67 50 75 54 22 53 87 36 58 4 78 18 94 3 77 93 2 41 38 25 83 56 9 62 10 55 95 37 31 61 15
TEST 103 ARG:4 86 88 67 48 78 11 77 17 35 44 65 82 30 24 37 27 61 49 21 72 18 5 9 33 47 36 1 90 31 98 81 96 69 85 41 60 71 7 91 68 89 19 12 50 20 58 87 34 23 92 62 22 29 80 57 75 53 32 63 64 3 0 43 84 95 6 52 94 76 25 73 42 54 15 46 8 59 55 79 14 13 74 56 66 83 38 16 99 26 70 97 39 45 2 28 51 10 40 93
TEST 104 ARG:53 58 96 82 90 57 40 45 54 17 86 48 65 60 39 33 98 27 5 49 44 25 10 64 14 23 52 72 62 2 88 56 3 9 20 46 21 63 71 79 36 55 7 43 93 38 50 16 24 8 4 18 67 75 68 95 0 30 73 70 69 94 37 78 59 66 28 91 85 47 97 83 19 76 80 87 31 74 22 13 34 99 29 84 32 11 81 6 35 1 12 51 41 61 77 26 42 89 15 92
TEST 105 ARG:26 64 21 23 13 35 93 44 62 12 77 16 27 38 67 63 56 2 11 9 48 29 99 88 84 10 42 86 94 20 0 6 19 74 30 50 83 59 71 81 5 89 80 90 69 33 75 45 72 53 41 87 95 76 79 3 36 28 17 96 92 4 39 85 40 34 57 65 32 47 97 82 24 52 18 73 55 8 15 43 31 61 66 98 22 54 60 49 70 7 37 1 25 14 51 46 58 78 68 91
TEST 106 ARG:77 12 55 39 92 48 97 18 83 74 54 3 17 85 44 57 30 64 23 22 10 14 0 34 63 24 70 47 19 31 42 52 87 90 58 79 27 69 2 33 38 25 82 67 40 91 35 50 86 81 41 89 13 61 53 11 94 56 62 93 7 26 8 15 21 29 49 95 37 66 45 68 20 4 76 59 1 60 78 84 28 88 46 98 32 5 72 16 96 80 9 65 73 71 51 75 43 99 6 36
TEST 107 ARG:35 50 84 51 26 40 63 45 14 18 58 62 9 34 21 53 24 76 78 28 2 22 72 82 97 5 57 66 36 11 59 19 95 1 49 54 44 7 0 46 23 4 47 92 15 71 56 86 13 91 60 3 74 89 88 85 30 83 12 77 27 31 75 52 87 8 42 48 33 61 73 55 38 37 67 10 81 17 6 20 64 25 79 16 94 96 39 69 32 29 98 90 41 68 93 65 70 43 99 80
TEST 108 ARG:43 48 5 40 19 64 55 1 89 61 46 30 76 98 0 68 11 84 77 33 7 32 6 24 41 97 69 71 54 86 47 91 4 22 93 58 78 29 95 85 44 66 56 9 13 18 92 52 15 26 37 74 49 81 50 23 36 34 82 2 51 21 90 75 80 87 96 14 12 17 20 88 59 99 28 42 39 72 27 62 83 79 70 53 38 94 65 60 63 16 8 10 35 57 67 3 25 45 73 31
TEST 109 ARG:63 76 19 7 58 9 59 82 99 0 44 3 80 27 70 75 15 72 88 22 79 14 89 56 51 20 33 95 68 32 11 23 39 8 54 64 78 13 94 4 74 86 17 87 40 1 93 46 71 48 36 91 18 34 83 12 96 45 42 53 84 29 43 25 81 35 85 77 21 92 38 69 2 52 61 37 47 24 98 41 5 90 50 26 60 62 57 10 66 67 31 65 16 49 73 28 30 6 55 97
TEST 114 ARG:6 88 29 86 48 76 37 53 91 66 32 90 56 47 97 81 83 95 10 33 50 35 57 62 7 45 39 3 80 46 98 72 49 71 31 13 54 23 92 63 40 77 14 34 18 41 67 21 1 64 5 51 73 28 43 96 82 20 94 0 27 25 79 69 24 8 19 36 52 2 42 61 87 44 4 11 26 93 68 55 70 75 38 16 60 78 17 85 30 58 59 22 9 65 15 89 12 84 99 74
TEST 115 ARG:19 59 81 79 89 14 35 52 13 3 56 27 49 88 46 94 18 60 90 5 48 38 77 68 28 29 63 72 99 71 0 50 98 17 10 34 92 74 76 43 11 73 51 24 23 9 15 66 33 82 25 85 32 69 42 1 91 64 36 16 58 47 54 20 95 31 62 2 53 57 45 87 80 61 6 37 26 7 22 78 67 40 70 75 86 30 12 41 96 84 97 93 65 55 4 8 44 83 21 39
TEST 118 ARG:5 85 87 57 74 45 96 15 7 18 78 61 99 37 46 90 10 98 50 21 49 31 89 13 22 64 3 25 65 36 40 55 93 77 84 39 51 38 67 97 8 9 82 83 62 53 26 27 6 34 88 48 28 56 72 54 66 20 79 76 94 4 91 71 23 12 0 11 52 30 17 58 1 2 92 47 75 60 63 14 81 59 69 16 73 80 24 43 70 42 32 29 33 35 95 86 44 68 19 41
TEST 119 ARG:25 99 98 86 95 59 61 14 67 70 5 6 32 71 8 24 55 42 84 82 52 78 11 48 72 23 83 54 47 93 34 7 97 15 90 20 31 77 64 18 12 63 43 62 21 44 33 37 16 50 94 30 10 65 26 58 81 9 46 22 60 76 74 40 27 39 2 49 4 91 38 73 89 28 13 17 51 66 41 53 92 0 1 29 69 85 80 36 56 19 79 3 87 45 68 96 88 75 57 35
TEST 120 ARG:49 60 53 90 28 31 0 27 74 65 56 3 84 18 83 98 34 39 11 85 78 68 22 4 36 63 97 72 55 52 77 66 64 9 32 75 47 17 35 80 88 79 46 93 59 43 29 95 7 20 40 99 51 94 21 8 61 96 12 38 1 69 23 33 70 86 26 19 44 81 50 6 92 58 76 37 24 42 73 54 45 13 25 15 67 41 82 48 5 89 87 57 62 10 16 91 2 30 14 71
TEST 122 ARG:34 58 59 89 13 17 77 73 68 38 3 85 66 12 63 19 53 41 32 90 28 33 60 21 9 71 35 75 5 56 52 45 98 30 61 47 74 0 8 86 55 42 16 15 72 43 99 87 50 44 2 91 49 94 11 76 93 24 22 78 81 79 48 51 97 95 39 40 25 96 31 83 65 67 62 84 92 7 46 70 57 36 88 26 10 69 6 14 23 82 1 4 64 27 37 29 20 54 80 18
TEST 123 ARG:73 21 45 81 62 84 99 56 0 61 4 37 10 22 29 94 64 59 51 3 95 87 50 23 35 88 68 43 69 15 14 2 20 80 98 71 25 79 31 52 58 8 96 97 76 60 5 89 53 57 36 9 49 34 78 16 83 67 17 55 6 93 85 33 86 74 70 42 27 72 26 63 66 75 46 19 48 28 82 41 92 77 13 65 30 7 90 32 38 54 12 44 1 18 47 91 39 11 40 24
TEST 124 ARG:83 32 8 70 82 58 50 62 4 67 52 36 72 49 37 98 48 42 19 68 81 34 13 1 6 91 21 11 26 56 16 87 38 39 45 75 5 12 86 20 89 80 25 41 55 46 61 33 9 96 22 90 31 60 2 64 27 93 77 69 17 18 28 63 10 65 92 84 95 99 43 94 51 29 47 23 0 79 40 35 59 15 3 73 30 57 44 88 76 24 78 7 71 53 54 14 85 66 97 74
TEST 125 ARG:23 68 14 38 26 80 17 56 1 88 37 8 46 64 76 2 70 58 39 72 7 82 79 95 81 43 53 0 6 32 40 91 35 11 44 34 21 24 41 63 36 57 75 99 94 33 25 47 92 98 90 42 49 83 27 18 84 65 31 30 22 16 74 55 71 45 86 78 67 12 13 15 61 77 93 62 50 66 51 69 9 54 97 29 59 20 73 3 28 52 48 10 60 89 19 4 96 85 5 87
TEST 126 ARG:34 41 89 23 95 3 48 94 16 50 74 12 58 10 86 31 42 75 18 97 20 24 92 84 7 38 4 54 59 30 60 22 79 69 11 77 25 17 13 65 0 26 47 51 68 64 27 80 71 96 2 21 37 90 14 83 85 44 78 32 70 67 66 76 39 87 98 46 9 52 81 40 28 6 82 19 35 56 1 53 49 57 15 91 88 43 99 72 45 55 61 29 62 73 33 5 63 93 36 8
TEST 127 ARG:2 11 70 29 72 25 53 68 81 87 42 40 52 31 17 94 57 3 64 85 45 38 23 83 33 7 67 8 75 49 24 5 55 41 51 66 65 20 74 84 34 36 15 18 63 0 13 12 62 16 22 58 96 80 10 19 1 4 92 60 78 46 48 35 43 91 56 28 79 26 71 59 97 30 99 61 6 77 76 93 39 89 88 95 90 73 14 32 47 54 98 82 21 50 27 37 9 69 44 86
TEST 128 ARG:8 91 10 31 7 73 22 83 9 42 6 37 98 1 16 89 18 53 2 88 97 5 69 65 46 60 49 38 32 21 78 74 30 76 95 64 15 84 59 80 20 92 87 57 79 96 23 26 36 24 35 0 34 29 62 25 45 61 66 85 41 39 56 86 67 52 28 77 94 93 68 40 81 13 63 99 82 55 48 72 47 4 3 70 17 43 44 75 90 54 27 14 58 71 51 12 19 33 50 11
TEST 129 ARG:84 21 4 64 24 54 32 0 15 90 96 86 98 57 49 25 1 93 71 37 59 48 89 85 53 51 67 68 99 66 47 5 72 33 81 80 58 20 41 61 95 39 87 29 6 28 9 36 62 65 26 18 92 8 94 3 34 74 82 16 45 60 13 27 14 55 19 56 73 40 10 2 17 23 44 97 22 7 77 12 46 42 83 78 63 11 38 91 70 76 50 88 79 30 52 43 75 35 69 31
TEST 131 ARG:7 41 63 18 57 68 10 66 15 4 95 72 99 49 70 34 73 32 35 28 94 89 81 58 56 1 64 27 96 3 77 31 20 33 39 46 76 71 16 97 54 87 30 51 62 13 86 14 37 67 82 44 53 23 5 0 29 25 50 80 85 22 9 93 92 6 36 24 47 84 65 69 91 11 48 26 12 45 60 90 83 19 17 74 79 52 59 78 98 88 42 8 40 21 61 55 2 43 75 38
TEST 134 ARG:55 30 84 64 46 29 43 78 28 27 77 98 14 35 36 22 31 76 37 90 4 94 23 15 8 1 34 32 75 89 11 40 62 68 88 79 47 20 60 91 58 57 92 39 5 72 81 80 74 73 12 25 3 0 44 97 2 69 52 9 71 63 33 56 61 6 65 66 96 93 24 42 48 26 18 50 86 95 67 21 85 49 54 53 16 83 70 82 38 10 7 87 13 51 41 19 45 99 59 17
TEST 136 ARG:82 4 5 75 57 85 9 74 59 66 52 6 2 40 88 65 31 20 23 29 13 21 86 81 10 39 42 24 25 35 87 47 44 79 34 3 45 12 41 17 1 33 0 94 62 36 67 78 46 30 97 14 11 69 49 48 26 28 61 43 83 80 70 92 89 84 63 60 54 56 53 91 38 15 37 64 50 73 98 8 90 22 51 58 99 72 76 27 19 7 96 95 93 18 77 16 55 32 71 68
